WT output: 1.6927623748779297

Top 25 kmers
TCCTTCCC: 2.113727331161499
TCCCTCCC: 2.1102406978607178
TTCCTTCC: 2.1095829010009766
CCCTTCCC: 2.101656913757324
TCCCTTCC: 2.101093053817749
CCTTCCCC: 2.0878872871398926
CTCCCTCC: 2.0876290798187256
CTCCTTCC: 2.0875325202941895
CTTCCTCC: 2.08474063873291
TTCCTCCC: 2.0842361450195312
CTTCCTTC: 2.083975076675415
CCTCCCCC: 2.0826940536499023
CTTCTTCC: 2.081235647201538
CTTCCCCC: 2.079603672027588
CCCTCCCC: 2.0786540508270264
CCTTCCCT: 2.0784945487976074
CCCCTTCC: 2.0780556201934814
CCCCTCCC: 2.077780246734619
CTTCCCTC: 2.0764379501342773
TCCTTCCT: 2.0749545097351074
TTCTTCCC: 2.0746560096740723
TTCCCTCC: 2.0735280513763428
CCTCCCTC: 2.0698091983795166
CCTCTCCC: 2.0657124519348145
TCCCTCTC: 2.0650250911712646



Bottom 25 kmers
AAATAAAA: 1.0063116550445557
GTAAATGG: 1.0064055919647217
ATAAATGG: 1.007319450378418
TAAAATGG: 1.013630747795105
TAAAATAG: 1.0162559747695923
AAAATAGA: 1.0195677280426025
TAAAAGGG: 1.0199781656265259
TAAATAGA: 1.0228497982025146
ATAAAAGG: 1.0252585411071777
TAAATGGG: 1.0278741121292114
AAAATAAA: 1.028003454208374
AAAAATAG: 1.0292459726333618
AATAAAAG: 1.0358463525772095
TAAATAAA: 1.0371840000152588
ATAATAGA: 1.0381020307540894
AATAATAG: 1.0392746925354004
AAAAAAAA: 1.0406450033187866
ATAAATAG: 1.0421581268310547
AATAAAAA: 1.0440956354141235
AAAAATGG: 1.0466594696044922
GTAAATAG: 1.0468775033950806
AAAAAGGG: 1.0479789972305298
TTAAATGG: 1.0481345653533936
ATAGTAAA: 1.049626350402832
AAATAGAG: 1.049747347831726
