WT output: 5.853670597076416

Top 25 kmers
AACGCGCG: 9.112430572509766
TAAGCGTT: 9.094320297241211
TTAAGCGT: 9.052513122558594
ACTATCGA: 9.008585929870605
CTTTCGCG: 8.96281623840332
TCGGTGAT: 8.926158905029297
TTAACGCG: 8.922511100769043
AACTAGCG: 8.905760765075684
TAACGCGT: 8.900785446166992
CTTTCAAG: 8.887086868286133
AACTCGCG: 8.884923934936523
TAAGCGCG: 8.882209777832031
CTAACGCG: 8.876956939697266
GCTTTCGC: 8.876873016357422
CGCTGACG: 8.86698055267334
AACAAGCG: 8.852152824401855
TACTCGCG: 8.802846908569336
CGGTGATC: 8.793585777282715
CGCTGGCG: 8.773056030273438
AAGCGTTG: 8.77178955078125
CATTCGCG: 8.771347999572754
TACGCGCG: 8.768211364746094
AACTAACG: 8.767845153808594
ACTAAACA: 8.757360458374023
AGCGTTTA: 8.748190879821777



Bottom 25 kmers
CTCACACG: 3.273264169692993
AGCCCCCA: 3.3226523399353027
AGTCCTGA: 3.480252265930176
TCTCACAC: 3.5168111324310303
GGCCCCCA: 3.624143600463867
AGCTGAGA: 3.661978244781494
AGCTCAGA: 3.663012981414795
AGCTCCTA: 3.6754236221313477
TCCTGCGA: 3.6816155910491943
AACTGAGA: 3.693361520767212
TCACACGT: 3.734614133834839
AGTCCTCA: 3.748164415359497
GTCCTGAG: 3.7625644207000732
ACTCACAC: 3.7632436752319336
ACTCATAC: 3.7694318294525146
CCCACACG: 3.7829391956329346
CAGCACCC: 3.816669225692749
CACACGTT: 3.8412587642669678
GCCCCCAG: 3.846757411956787
TCTCCTAC: 3.8676698207855225
TCAGTAGT: 3.8701462745666504
AGTCCCCC: 3.8824803829193115
CACACGTC: 3.882695436477661
TGCTGCGA: 3.8881990909576416
TGTCCTGA: 3.8967294692993164
